6.401249463540784390e+00
8.608233592025698044e+00
5.550733302330926655e+00
3.713982930274224881e+00
-1.944760954915860651e-01
3.293515880748736802e+00
1.031328663587213867e+01
1.458549917953504860e+00
-1.569899109124283099e-01
6.722226419855640067e+00
1.588843746447450855e-01
-1.804576342402724132e+00
2.209128517326938379e+00
7.657193054245225561e+00
3.125379496936926405e+00
3.421897664284281326e+00
4.267988211450862934e+00
-8.172942110424248341e-01
1.470445681926011883e+00
5.357850230601077790e+00
6.460068494124671545e+00
3.712054168817736227e-02
5.138592207297466352e+00
2.992221806323469124e+00
2.281916831964420300e+00
7.031831497977992562e+00
-2.964145598925782110e+00
3.015895759627401640e-01
6.339714511957726673e-02
3.552048968588237265e+00
7.151653252024317453e+00
1.671988520678139745e+00
-2.324333749060435661e+00
-1.259993062680455855e+00
1.992518962443132535e+00
9.826831787409298968e+00
7.186209234697454207e+00
-2.569272002088154316e+00
-3.292761646711758416e+00
7.958816755319983449e-02
