3.067245246941520342e+00
-3.626222167607943359e+00
3.863959472912732451e+00
2.954663500017753019e+00
2.677649865865887602e+00
6.655758922828598934e+00
-1.178312140836360378e+00
-4.222120021097135911e+00
-7.657521864720510107e-01
8.536967506680770867e+00
-2.598062107462246750e+00
-3.797045319289544807e+00
4.221674939230826706e-02
1.166379203169001455e+00
4.505973743440817580e-01
4.378448306968342862e+00
6.667618103806664642e+00
9.399764147849336560e-01
5.975857719163686355e+00
3.159832044966076392e+00
1.799222100718201656e+00
6.825569651463453624e+00
-3.209183675972774541e+00
2.504312738905054125e+00
5.705139355449520000e-01
4.116078045377952854e+00
5.747765891702288243e+00
-1.827810605682023803e+00
-3.204641605895144352e-01
1.826512493823170269e+00
8.675988597695289073e+00
3.115617002420778547e+00
2.768969848337877959e+00
6.491580635867618909e+00
-2.561184395264052505e+00
-3.110723786220154885e+00
-1.785756945887204128e-01
7.580878289783770541e+00
5.709245769807353987e+00
3.790753944999396108e+00
