4.877327259332549403e+00
2.475578095000241063e+00
1.493725087798058127e+00
1.019118569459827928e+00
7.575978929274275187e-01
5.556830505746150894e-01
4.231924681190702420e-01
3.595602264166907203e-01
3.026301656158083553e-01
2.989021714448160116e-01
2.712444975537183778e-01
2.590300811625689259e-01
2.516646719333822668e-01
2.759756167132274007e-01
2.063649623376397069e-01
2.564037267357094918e-01
2.349675223602619711e-01
1.905220535683606331e-01
2.531808005423547003e-01
2.576718402797418261e-01
2.560419261225746479e-01
2.673280857522749021e-01
2.382994377886926141e-01
2.302529247693018422e-01
2.663535908475510028e-01
2.167964454963522691e-01
2.591106118366884314e-01
2.563561450707589340e-01
3.042574590837581749e-01
2.662881408738352884e-01
2.475794498821585754e-01
2.296576311126914127e-01
2.166873471581707844e-01
2.783978650273351008e-01
2.783867290410891315e-01
2.451742799553511265e-01
2.437991346582234209e-01
2.471969170286975048e-01
2.055236706179348893e-01
2.183962289915293287e-01
3.027374482342798934e-01
2.780764743687823559e-01
2.426276596553341158e-01
3.046514875723501103e-01
2.906445529030942110e-01
2.527747822302113256e-01
1.937583386632201476e-01
2.419011883046084666e-01
2.205127488256818924e-01
2.152305740115733890e-01
1.979229641810306417e-01
1.937456047122353975e-01
2.722948797412861888e-01
2.029040665053553905e-01
2.489946360220857968e-01
2.309370251292337251e-01
2.492712071137807850e-01
2.461934006569301281e-01
1.809182051204069885e-01
2.365419418455151357e-01
3.078138546861933222e-01
2.452430004955078457e-01
2.451919733032390525e-01
1.968675827403635059e-01
2.520570196871314561e-01
2.310118291891041231e-01
2.904162507449595809e-01
2.129146833862534949e-01
2.601961096502120041e-01
2.257047746874378258e-01
2.451163397055675375e-01
2.368562326422298525e-01
1.809162144810383122e-01
2.595800296062798496e-01
2.195233414087933155e-01
2.299734969782523397e-01
2.613476302730050049e-01
2.128919788008109826e-01
2.677523937690052258e-01
2.630137826431239167e-01
2.700717218537691533e-01
2.518496972133403289e-01
2.496804911459794274e-01
2.564845926171963053e-01
2.062755565782961042e-01
2.711550714410804197e-01
2.089503406189230361e-01
2.992171331019636837e-01
2.775950371291972529e-01
2.301274318206271985e-01
3.221818344114337762e-01
2.646372193159041708e-01
2.171434984979969673e-01
2.288630425647421029e-01
2.423899256399279778e-01
1.845985769447427149e-01
2.711710475093371264e-01
2.707239531304153624e-01
2.467143912288331797e-01
2.168013250887943777e-01
2.279511147530682846e-01
2.978897307186564314e-01
2.862566220400540873e-01
2.644513427624735069e-01
2.072408542148601873e-01
2.870846566500800945e-01
2.226300265013704816e-01
2.305542507626445747e-01
2.753813363738700226e-01
2.753510138934926466e-01
2.645579056833811116e-01
2.610761366433119735e-01
2.427732729325221273e-01
2.118845038451342422e-01
2.668417911337178094e-01
2.632276685627438773e-01
2.443706449290422300e-01
2.342525484076646847e-01
2.029255631524053693e-01
1.695520605082486698e-01
2.754269473159274284e-01
2.480916922999406860e-01
2.220797386799350515e-01
2.740845087912269218e-01
2.123923145730673701e-01
2.685841816949636196e-01
2.345410788365387134e-01
2.775798562926259927e-01
2.412155140951812160e-01
2.430837535741803834e-01
2.597857858307293655e-01
2.573563171242918002e-01
2.240337172200702054e-01
3.162493715662986760e-01
2.339512180966469568e-01
2.229282294631965144e-01
2.135509448343143879e-01
2.134564378675487539e-01
2.054316597460906502e-01
2.378606327230396722e-01
2.672087207520137953e-01
2.024814525960065004e-01
1.929378944868505585e-01
2.175828611105046217e-01
2.083177703492980481e-01
2.495616197076282738e-01
2.294293554258974299e-01
2.946735402320566077e-01
2.583429194285518093e-01
2.592697142182519010e-01
2.767060363863204642e-01
2.870673354593109017e-01
2.513350853250388428e-01
2.387127858430286298e-01
2.958793344589140673e-01
2.718762489889147149e-01
2.424028088447735818e-01
2.179120751144449086e-01
3.166868907642479969e-01
2.254080234839994090e-01
1.906899008590997036e-01
2.142238734428887070e-01
2.325114816146680863e-01
2.520669185280936531e-01
2.370096374503856407e-01
2.177269231790757986e-01
2.392276188841091500e-01
2.681829543601838561e-01
2.938113512930428661e-01
2.478345129344948217e-01
2.834506880421737707e-01
2.703676031314880546e-01
2.181150713153061360e-01
2.270446817255427630e-01
2.594047138291013521e-01
2.361995126181418991e-01
2.142946945646120038e-01
2.263773071379708568e-01
2.572239102017038759e-01
2.649120786138622896e-01
1.958285024550945608e-01
1.920704000957417223e-01
2.412566955537644720e-01
2.740620991129755213e-01
2.791589359837741147e-01
2.875590074656547701e-01
2.374608941348338997e-01
2.370764630297381714e-01
2.584040594417130743e-01
2.229305793274138081e-01
2.397536509435224950e-01
2.747806797212564156e-01
2.416424732159180022e-01
2.311812059495377270e-01
2.577268636987796735e-01
2.765115557373842292e-01
2.127479048446680732e-01
2.552048063758662888e-01
2.676152920926877510e-01
2.868928020206418239e-01
3.067528654518340003e-01
