1.280000749203999422e-01
-1.221848616604048338e-01
-2.629233049613903875e-02
3.206859062671209987e-02
5.523645350684571603e-02
3.898025586557228583e-02
6.639491733620983376e-03
-3.654570436679136641e-02
-8.024539186419288317e-02
-7.365616846829647901e-02
-4.457062096028779896e-02
1.623065751764091874e-02
8.415283919188004322e-03
-2.929758095121786157e-02
1.820220896308975128e-02
-1.446953263753190944e-02
-4.491283674085281945e-03
2.807966518855235100e-02
2.058311581817347941e-02
-3.195583787400956693e-02
7.708581863233700260e-02
9.779816172104048577e-02
9.084236693224456011e-03
4.812449215040845267e-03
2.676102588498132512e-02
2.050455371661098064e-02
-6.038474191225462820e-03
-3.594013743550616979e-02
-1.433208645195013231e-01
-9.190573690968240061e-02
-5.097399925839794788e-02
-2.005545719596926041e-02
-6.968420115089815625e-02
-3.423270494833298427e-02
-2.071723929997913022e-02
7.034556840405411897e-03
1.404124627765697755e-02
1.217333139409634835e-02
3.346520048214503273e-02
7.746685461842314942e-03
4.665005221728879548e-02
1.570366459156847389e-02
-3.125908808439098376e-03
3.935429467591462088e-02
4.247440656886795896e-02
-1.725538958133327958e-02
6.283547657550086867e-03
1.686095465029545729e-02
-2.658511836390214933e-02
-2.069875841744244632e-02
-2.382929131110756577e-02
-1.547144116937874091e-02
-1.337477896840022495e-03
6.150274524878596161e-02
-8.842086001403504786e-03
-2.695393666337357608e-03
-6.171523007078506991e-03
1.659461239977445129e-02
-2.550796143632568652e-02
8.769957028653985534e-03
4.458032550620522061e-03
-2.747261722983407317e-02
-3.249865603844730860e-02
3.876835650653141091e-02
7.905179891053393249e-02
-4.692219389805703245e-02
-7.838964852156737884e-02
-1.020555747111726898e-02
1.301756313117736000e-02
-1.797378128400066791e-02
-4.048561760996329667e-02
2.324578782587293641e-02
3.755285792970872259e-03
-2.824690453922617042e-02
6.077148405609261554e-03
2.810193783443278720e-02
6.175254927920809100e-02
2.980101336476696436e-02
2.576051988619122365e-02
-1.513069878498091245e-03
3.333371424036339625e-02
2.885576530644160670e-02
4.218492794770142135e-02
6.123597830906240668e-04
-1.987784115420798692e-02
3.231825111588141480e-02
3.054250068779894647e-02
-2.640387190958179506e-03
3.899000101818807934e-02
-9.126043285882890627e-03
-8.743019165917454566e-03
-3.017598339198963170e-02
-4.582189259656157393e-02
-2.789705277569521497e-02
6.708869926361518687e-02
2.935782271198124696e-02
2.765076721579926705e-02
-4.629508503624844840e-02
-3.804085173421805494e-02
-5.842682822995907965e-02
-3.203655938070467529e-02
-1.978692707352334296e-02
-3.698647201334695662e-03
4.453483510810393037e-02
5.832516763832817572e-03
-3.756618085528692919e-02
-3.824994496451592646e-02
-1.393506079299433598e-02
5.034889827179940547e-02
1.321874357922644683e-01
8.353366185030015878e-02
4.606595362503689006e-02
4.446296079980439214e-02
3.698565058383947862e-02
5.614773840282834272e-02
1.458354501408220573e-02
4.736024849572854217e-02
5.537659330931303525e-02
2.396807393666863448e-02
-2.162362926449442474e-02
-2.303917757727531879e-02
-2.885209634954661456e-02
-7.295671012930935936e-03
4.471313275015957600e-02
-2.030102696728025569e-02
-1.283904228201694989e-02
7.659090913809174506e-03
-2.371497864561053492e-02
-1.242463044724878606e-03
3.854436221633594870e-03
9.981619812758995257e-04
-3.157473145881065785e-02
-2.039431796472130493e-02
-5.238346930773725429e-02
-9.612952505678594439e-02
-2.588239520112491435e-02
-1.464582069252203834e-02
3.354611447220651188e-02
2.337097982519611289e-02
1.138508940872608524e-02
-1.496686767140059660e-02
-6.635815076704490445e-02
4.191336059670142458e-03
-2.415582071189930138e-02
-4.625691365703513136e-02
-7.808516163771389573e-02
-4.998110066871915697e-02
3.374392333270335997e-02
4.110008585068905540e-02
-1.876454527523028701e-02
-2.322627568690209185e-02
-3.100614405694651632e-02
3.052445481739054015e-02
9.366586130763378953e-03
-8.730696964890027889e-02
-4.258925130108829477e-02
6.100640058339157346e-03
3.786184352321062679e-02
-9.400582006075242081e-04
1.504962118982356399e-02
-3.161225264799509549e-02
6.187627043051650844e-02
3.150258751839972449e-02
6.606356500021816347e-02
8.060122128140450801e-03
-1.704121090255274543e-02
-3.745938634491732117e-02
2.901405875120128749e-02
2.819692163813185184e-03
2.460017651969144056e-02
2.742747334762279943e-02
-1.054957496715819634e-02
-2.328282737806491778e-03
5.824488493220510155e-02
1.273076452612438916e-02
8.582414529808710113e-02
3.698343518590520296e-02
5.222839815289033287e-03
1.707254493948671958e-03
-1.298186797596453078e-02
1.266702262103654077e-03
-4.225253581009735110e-02
-3.734407076991985708e-02
-3.534594588733877552e-02
-4.467573209634914666e-02
-4.308469534759949704e-02
-7.572584594719001735e-03
1.778569054078179418e-02
3.532788591647566256e-02
-6.751119798584140352e-02
-8.203662706106654504e-03
1.873261669172211416e-02
4.322028965189173011e-02
2.814736683595360847e-02
-2.992710124231524535e-02
6.114450199689978882e-02
-1.738232091136845264e-02
-7.455053286430375625e-02
6.900147464956329912e-02
6.040245786132821676e-02
1.376148501319575043e-02
