5.606662785318457409e+00
4.195285380864728353e+00
5.358768064022481070e-01
4.835557694042085686e+00
7.968935653303504729e+00
2.716555146909774843e-01
5.903544714134981497e+00
5.480785698292756081e+00
3.420597010027341067e+00
5.209182442368707200e+00
-1.903547486487529916e+00
-1.564962759040902096e+00
1.552666834708842369e-01
1.717943256312870703e+00
6.527128609432773843e+00
-3.023807452974988097e-01
-3.096144435134727591e+00
1.878647655690292240e+00
2.257816914805057085e+00
6.960326121792595799e+00
5.310398838756849926e+00
-3.593406002449723857e-01
6.782189026262938292e+00
2.489406691801409277e+00
-3.089847111977261473e+00
-8.509182184121590886e-01
9.394916269878146764e+00
4.726047062019372191e+00
1.098733573069372138e+00
3.769536887440816386e+00
6.825709644939616183e+00
2.874281955544049083e+00
1.858969437026245064e+00
7.330137123191410531e+00
6.578507146161112651e+00
-1.085063815142353727e+00
3.653613336842127524e+00
1.193934209484164288e-01
3.658825401731452320e+00
4.261315281056140769e+00
