1.280000749203999422e-01
-1.440339346924138231e-01
2.472590392542339810e-02
1.621742256350785366e-02
3.535223887069111059e-02
3.269427901297876360e-02
2.223259730937621192e-02
-3.967857418219293553e-02
-7.205064791551496484e-02
-5.913804869115123208e-02
5.758915892568883255e-03
8.125094164945892428e-02
1.227096123080337851e-02
-4.244823388807700965e-02
5.967360068238129062e-02
-4.347417152020094377e-02
-8.356043249195850217e-03
3.635447726293576654e-02
2.425517855338799218e-03
-4.982419049504106107e-02
1.474769334595240899e-01
1.209179655078171101e-01
-7.544887602543919047e-02
-1.728319003889440195e-02
5.340960569288973059e-02
2.406154702856060437e-02
-3.840739609097400253e-02
-7.624796990497897942e-02
-2.282812063845521544e-01
-8.765903656635092023e-02
-1.333481339966029536e-02
2.671522365148350925e-02
-1.043847098726635308e-01
1.586285631761762474e-02
-8.735749857976895377e-03
1.263555320757457981e-02
4.538936176674972928e-02
2.711737765268579931e-02
6.944961687608956769e-02
-8.482728361420694134e-05
5.629566834698694622e-02
-1.091776258903075572e-02
-2.023979171728644555e-02
6.762148392908214067e-02
5.369740455631569903e-02
-7.044423378701851479e-02
5.327285499644452132e-05
3.238021923084716085e-03
-6.630707940831333247e-02
3.017892564617935623e-03
-3.932808273485926924e-03
-8.619599512091574364e-03
-4.008214854420688242e-03
8.555485256946950001e-02
-5.817175561579292914e-02
1.585894452080688008e-02
1.788431106003470286e-02
4.529121682791091563e-02
-5.006099979545066553e-02
3.174865773180612916e-02
3.455800713859086184e-03
-5.750494028135504088e-02
-4.769514748710747265e-02
8.946502752770320310e-02
1.092621781284787430e-01
-1.440667068624729708e-01
-1.059576324544661274e-01
3.701883745332140707e-02
4.919548796954838210e-02
-5.032839930796386557e-02
-7.101366113528019552e-02
5.917124074015263357e-02
-1.608976964451437619e-02
-6.207534742143237805e-02
1.636199293174470798e-02
2.917274962496376606e-02
8.444712666774374654e-02
6.591544848578306977e-03
3.119147772153132991e-02
-2.659521859993396568e-03
4.929543589051181562e-02
5.157971544344135129e-02
5.027596388536086092e-02
-1.866149972307636420e-02
-2.866910090857422919e-02
8.829086346352052472e-02
4.516470517787991856e-02
-7.689148226592728771e-03
6.097105212328275681e-02
-2.675547240498609217e-02
3.293487154643381758e-03
-1.243703388043133906e-02
-2.465014596890047205e-02
1.511517525879260693e-02
1.412559319894199084e-01
2.313082421757476498e-02
3.165134031336045567e-02
-8.014370628018120668e-02
-2.974257455892996907e-02
-6.713948711885345255e-02
-2.610090184407200947e-02
-2.251764154792617462e-02
-1.105380948021621526e-02
5.627838176570941486e-02
-2.840331215192188827e-02
-7.602684629469774746e-02
-2.093203680409242567e-02
1.228967001193339605e-02
1.022980137531364908e-01
1.856774385639936575e-01
3.398023668338006481e-02
9.582647603688357676e-03
5.451674220944309479e-02
3.213369569465490683e-02
6.255913769662971302e-02
-8.060811665212625626e-03
7.046117272884624971e-02
7.631547472284719302e-02
1.398413995989066828e-02
-6.302003734393556156e-02
-3.708606118502770499e-02
-4.160597545886433879e-02
1.051306172116283841e-02
6.944798182498528039e-02
-8.064233903538298165e-02
-3.581780557335817374e-03
1.355515502540853914e-02
-3.348551308132994425e-02
2.828219757460085498e-02
2.402317143464709204e-02
-5.495981279184459015e-03
-5.374646640041920442e-02
-6.383717815588285834e-03
-7.374978496252425353e-02
-1.066689633752135880e-01
1.213449096076686141e-02
-1.022725503106560775e-02
6.474077551697540733e-02
1.926829878929520222e-03
-1.522863169098892869e-02
-4.217202775778193524e-02
-9.482102392829216964e-02
6.701813832546692218e-02
-2.542858982251949840e-02
-3.867010727548610138e-02
-8.129896829268967728e-02
-3.680565274723085478e-02
6.164033348609180424e-02
3.118254176831950636e-02
-7.299303479507916748e-02
-5.029771641747718056e-03
-3.539311291934115616e-02
8.097059337401980861e-02
-2.892671747942501641e-03
-1.428190437645873723e-01
-5.393751874271846339e-03
5.494912147480225661e-02
5.439650987797137877e-02
-2.950491645367384758e-02
1.714408627103876717e-02
-6.916172118270924596e-02
1.087658881590735926e-01
1.969777969152817360e-02
1.115379917014108352e-01
5.940272740018395434e-03
-3.379055086595620511e-02
-5.444865220784921023e-02
7.970394499035343694e-02
1.329128693103475735e-02
5.267190184356759092e-02
3.937645355423038951e-02
-1.408120020926184948e-02
2.204306897079173072e-02
1.053433883620808753e-01
-8.032262019051486165e-03
1.495620910946858229e-01
1.634350849005298742e-02
-1.606972656994809165e-02
1.948435880379441668e-02
3.968426267569402990e-03
1.996466917344692088e-02
-6.786311618410459379e-02
-3.071424293156312796e-02
-1.933200394472282466e-02
-4.287078941851265451e-02
-4.584833551587406963e-02
2.447935835079426831e-02
1.105520001258383789e-02
4.828032140209365802e-02
-1.477615093480009190e-01
4.287195440173069416e-02
2.011452952759669108e-02
6.300209188668000337e-02
2.481997802727728755e-02
-7.799847996294710650e-02
1.095664507377038799e-01
-8.219069736691690664e-02
-1.382612032732866980e-01
1.608966629658547531e-01
7.193631471514190523e-02
-1.089139458167846450e-02
