4.877327259332549403e+00
5.535755715930157361e-01
4.677554885619477631e-01
4.087033955690911324e-01
3.528903432196230927e-01
2.906368575105556240e-01
3.161726018202334343e-01
3.950830102347394623e-01
3.536837285604973458e-01
4.328668333545447888e-01
3.887043535278428830e-01
3.711844963368149952e-01
3.323182606578984344e-01
4.177160106279371732e-01
3.245845074032257527e-01
4.143841419993268826e-01
4.041099353411384820e-01
2.764219682149993140e-01
3.925603970699320100e-01
4.356421716828443591e-01
3.882157102047871233e-01
4.101241042533392833e-01
3.741626868943578876e-01
3.504502872500299682e-01
4.295541980469506638e-01
3.496401103708781100e-01
4.091946778707507559e-01
4.049037106132197250e-01
4.790883835393531243e-01
4.090749679916675374e-01
3.383189388922914209e-01
3.503889068243071780e-01
3.726211188569150679e-01
4.261888175695787151e-01
4.140749350154136477e-01
3.435509989006160225e-01
3.895775841759447355e-01
3.617455561135195508e-01
3.380047035371770980e-01
3.153941939709426490e-01
4.854586537316493700e-01
4.302397055443170637e-01
3.739654436360337897e-01
4.258316281476422493e-01
4.301500056649658066e-01
3.506626360793387298e-01
3.002555858893213858e-01
3.799635056376317599e-01
3.686208457469188904e-01
3.486509006608923822e-01
3.274192985527802913e-01
2.931567904456423013e-01
4.127177570895589342e-01
2.991754503621334993e-01
3.891269000426739177e-01
3.671311034155282371e-01
4.066693984743762758e-01
4.194848475158081125e-01
2.771192046009953169e-01
3.784216841763921590e-01
4.535998271013659267e-01
3.493851814675859591e-01
3.615518668035143657e-01
3.304667048506405025e-01
3.817603946510336743e-01
3.328320922969400519e-01
4.194087446730211388e-01
3.243689502650645706e-01
4.140541782007073346e-01
3.825979679295764546e-01
3.677136518036653867e-01
3.654142160636839054e-01
3.273698224403879253e-01
4.003974133242206856e-01
3.348226874400242470e-01
3.500010146331044014e-01
3.940294438886227102e-01
3.508656763458553041e-01
4.010829239171788130e-01
3.752039229834351342e-01
4.125875211659861819e-01
4.284567097337689812e-01
4.125544579974100290e-01
3.891700459657150279e-01
3.185346959425107149e-01
4.012359725137777944e-01
2.817248041100002265e-01
4.558752785113672767e-01
3.960715386528051440e-01
3.295067072243256789e-01
4.369319384770454784e-01
3.350142791502066508e-01
2.857245680314955960e-01
3.809948709500825537e-01
4.054847393946742762e-01
2.779988123353565044e-01
3.975095461072138958e-01
4.385957681126628760e-01
3.588555908302523689e-01
3.105076589145283616e-01
3.406954274878051248e-01
4.583765284219337710e-01
4.116827052634753348e-01
3.980987285062802528e-01
3.062850889439410196e-01
4.076049898371749136e-01
3.565642284301858145e-01
3.940741171481297322e-01
3.913210710902344514e-01
4.068818709344269591e-01
3.891129094851369929e-01
3.478995051115088000e-01
3.467759542214891022e-01
3.352900379451854151e-01
4.131104743013986891e-01
3.682072438978720719e-01
3.524226279221629454e-01
3.495911425345850088e-01
3.302675183932762271e-01
3.226853430469857620e-01
4.441046885191961002e-01
3.618655671836072396e-01
3.125503950648518825e-01
4.401034433655088285e-01
2.976246408314266456e-01
4.531061597992572798e-01
3.561318015150836680e-01
4.056721562996224439e-01
3.502674852328173105e-01
3.356594551596341347e-01
3.669660423172214081e-01
3.504771568360731115e-01
3.770909653493685898e-01
4.508078695713576556e-01
3.499570013965191961e-01
3.424954868298403787e-01
3.302333042546330422e-01
3.486401021313740856e-01
3.282470243302110791e-01
3.505489363586055118e-01
4.079953965072352084e-01
3.415534125223533835e-01
3.310190667826471977e-01
3.678079283677304634e-01
3.112163294027048277e-01
3.724161494646717752e-01
3.375605899350243022e-01
4.415275699591050262e-01
3.154318380423635215e-01
4.598506790262958943e-01
4.476198368632356983e-01
4.247935586561386034e-01
3.452855255135693913e-01
3.622919434757095880e-01
4.528049783400225348e-01
3.622058414640510482e-01
3.576048687711808061e-01
3.568141568644335182e-01
4.827304172457450027e-01
3.088015930643511764e-01
3.015590784389438617e-01
2.947812418365650111e-01
3.481719943845372200e-01
4.114649166321387441e-01
3.489503558664645011e-01
2.863709551529340924e-01
3.719893564054131962e-01
4.295965475653396037e-01
4.601251035791790178e-01
4.003784607430279641e-01
4.178409166415790743e-01
4.031940439524411279e-01
3.173818080369361638e-01
3.761812689460625192e-01
3.721428317118460338e-01
3.538880609186338955e-01
3.602933668722641536e-01
3.671579382997118834e-01
3.988976912973408728e-01
3.411743183152873282e-01
3.160789670769346693e-01
3.005387723713312531e-01
3.902183834175316224e-01
3.852473240064996363e-01
3.809455089391797222e-01
4.753129334223424318e-01
3.536636705842897133e-01
3.505130136825741483e-01
3.485065394384290749e-01
3.497535619202889468e-01
3.738504100647525585e-01
4.282263296733467839e-01
3.487715622573673846e-01
3.396459007614527903e-01
3.763136664832627543e-01
4.037855921114738567e-01
3.570521012078381462e-01
3.923681079416106443e-01
4.464287865622973417e-01
4.344104618089109082e-01
4.424145529514455499e-01
