1.280000749203999422e-01
-1.480943707737880644e-02
8.053153912371779910e-02
9.806200226556865962e-02
7.597540280266898427e-02
4.511296157374155430e-02
3.226393748301589065e-02
1.981869778634923283e-03
-3.166305608310622521e-02
-4.662734882137181680e-02
-1.809291713553000738e-02
3.002692240816010050e-02
-1.410683704216497648e-03
-2.647149054281492525e-02
2.908359710626769873e-02
-4.537911354302251107e-03
2.387165944216990306e-03
1.520671391205329938e-02
-2.641054535010688500e-02
-1.680955031336816771e-02
4.157021272689456065e-02
6.954330065422997809e-02
-1.157502148416812617e-03
7.361876604086481195e-03
4.693723936666406582e-02
4.186462319763400997e-02
-7.877190662841426555e-04
-3.201772660838565765e-02
-1.133834794125188755e-01
-7.383763306350273059e-02
-3.872851691351189563e-02
4.106118812629400258e-04
-5.850976415017135335e-02
-1.242661275142794772e-02
-4.068237045354192345e-03
4.760149652877993182e-04
7.807093879410048447e-03
3.040389662470605742e-02
4.412959791081134953e-02
1.773576110965013886e-02
4.272164236826771211e-02
6.200534537374335735e-03
8.283473894546810722e-04
3.608870939275564405e-02
3.160712401248950976e-02
-5.273504546330071499e-03
1.276157481326991097e-02
-2.185009944151700308e-03
-2.010216303990432912e-02
-2.171568782560219513e-02
-2.091640925792444955e-02
-1.616293457069345354e-04
1.308035397648459053e-02
3.182829064967970800e-02
-3.835047569905330328e-02
7.632713882730291161e-04
4.093823433759141359e-03
6.697755854124684723e-03
-1.873664430840915954e-02
5.459677288813091951e-03
2.372406902989906280e-02
-1.774285080150565103e-02
-2.250745810845624501e-02
3.169157070296561157e-02
6.809667348294315414e-02
-2.366802066869515969e-02
-4.757297216145905255e-02
-5.018441052155123323e-03
3.207991810542192707e-02
1.343052729247482023e-03
-1.792279383405188248e-02
-9.562698517757483923e-04
-1.199890404664701905e-02
-2.733541766693130606e-02
4.105038181546313662e-03
1.492855332107872503e-02
4.051506705538661379e-02
1.915201761049769441e-02
3.054514932370155228e-02
1.289662151044340677e-02
2.809924660229536769e-02
3.696129009536058829e-02
1.462443590033496443e-02
-6.205287690067745436e-03
-1.503599153471801494e-02
1.984646668052830049e-02
3.376240501058952459e-02
-2.434713965210347220e-03
2.603314817349606722e-02
-1.608840905765388657e-02
-4.159888144976220739e-03
-1.405178890613499945e-02
-2.589860860886768895e-02
-2.266377346180657379e-02
6.099859041835706958e-02
2.213473275438302551e-02
2.105994483781475218e-02
-4.825211809510339400e-02
-4.566130090001946362e-02
-5.228245945392777372e-02
-1.946250610923295349e-02
-1.134892439905360075e-02
-1.742857118411236762e-03
2.547551999666715014e-02
-7.629053485248305302e-03
-3.310282531245943571e-02
-2.347853782564551448e-02
-4.414926504807709096e-03
5.558369818701185128e-02
1.204991734448440932e-01
5.992349282474868088e-02
3.481343801320683357e-02
4.718451704329044982e-02
2.926279963064860185e-02
4.344412530949925966e-02
2.424146731177859865e-02
4.344078825801139798e-02
5.634273204648507921e-02
3.468503515543088639e-02
-1.215951866765481969e-02
-2.524522001444792080e-02
-4.113009750988495805e-02
-2.946151468011240591e-03
1.979175883606210107e-02
-3.638431973570528666e-02
-2.403787710062242969e-02
-1.441853577688150326e-02
-3.571070593045042041e-02
-1.367233101253506611e-02
-1.070261958097829024e-03
-1.209871725833750432e-02
-3.381135061080313420e-02
-1.591980683077627579e-02
-4.370803994289169936e-02
-4.292987512836111963e-02
-3.021153638580353212e-02
-1.317057395537215778e-02
1.882324137629997132e-02
1.657834869473678863e-02
3.804567576642799067e-03
-2.286928848580127571e-02
-5.295909442217229535e-02
-6.492037934530858929e-03
-1.729930698896470914e-02
-2.241871459347333229e-02
-3.888323031955514403e-02
-3.004158259795421809e-02
2.183236318225578038e-02
2.424828830393204251e-02
-3.163410511294319910e-02
-9.396939905468340917e-03
-2.529508596257367195e-02
2.826337882751489561e-02
1.331325156907591824e-02
-5.965699366876309195e-02
-3.590888177792301433e-02
-1.356546864980151014e-02
2.418881660736248509e-02
1.112905163217313767e-02
-5.349426982185784100e-03
-1.811612716096783898e-02
5.452330625467152053e-02
5.433161655930718315e-02
4.186021870649245941e-02
1.439523416250436047e-02
-2.333264719169896029e-02
-4.000325770833738220e-02
5.383629050717047768e-03
-2.081727871687300696e-02
1.169646963636450029e-02
2.401536361501451639e-02
-1.594614622711660462e-02
-9.114278185943693999e-04
6.050392354227857039e-02
2.940459617930092293e-02
7.972262568514656977e-02
3.818387504712065367e-02
-4.708966017525783102e-03
1.555465269429816364e-03
6.279462752212324091e-03
-4.437969846868501482e-03
-3.747021988145594895e-02
-2.191571175281937373e-02
-2.740468131740250030e-02
-4.191383708476439235e-02
-5.442708616846599068e-02
-1.416492451385481521e-02
-8.730114581737835069e-05
3.339470435217443273e-02
-6.972296636187194641e-02
-1.640106283432722634e-02
6.654647435301000620e-03
2.456141952595473563e-02
2.895202266131624569e-02
-8.218098198476787158e-03
5.918978727839652176e-02
-1.439293496490935687e-02
-6.918304172844196021e-02
4.058782587611182990e-02
5.366933169094090239e-02
2.574940037047897604e-02
