9.515328477851344360e+02
2.488701464979939271e+00
1.428792669557983563e+00
8.332027408631100807e-01
4.930670782219082060e-01
2.864489964333822303e-01
2.277754503150846155e-01
2.266535064658516674e-01
1.472114736832740023e-01
2.240202779389471321e-01
2.329250402125757624e-01
2.459637790910824129e-01
1.915131321163472677e-01
2.193695859667161296e-01
1.939211946812222920e-01
2.104946945540778491e-01
2.141157936877072232e-01
1.740433242057000118e-01
1.904556369354814260e-01
2.207591726605691029e-01
1.946987997658512493e-01
2.469750607613279414e-01
2.060606696754192779e-01
1.914575172063961439e-01
1.988280969787185049e-01
1.923072680166428572e-01
1.903884051132307687e-01
2.171921861709885937e-01
2.300490966552021788e-01
1.913153941344743481e-01
1.897634887177483964e-01
2.077459473928537081e-01
1.755851863822985026e-01
2.485112175222417841e-01
2.292238481930364835e-01
2.335510723038362602e-01
1.993431523340014055e-01
2.147489798209462897e-01
1.810614989266818853e-01
1.660681199491020887e-01
2.263164016680976609e-01
2.502319233744992322e-01
2.180001964398747827e-01
2.535395998039725041e-01
2.541277269914000714e-01
2.215436489297219480e-01
1.498647455815903251e-01
1.913088479114729568e-01
1.892515682303575475e-01
2.261796619090767346e-01
1.862184783839456181e-01
1.906143856249541413e-01
2.268335983147384549e-01
1.816741808227877453e-01
2.165530184513085044e-01
1.920799168483016406e-01
2.356158624397373391e-01
2.370879561746203623e-01
1.574225060562357004e-01
1.953230590725047178e-01
2.420476644662508392e-01
2.168399441224547475e-01
2.158639130113328419e-01
1.751280385484136060e-01
2.203880409278279606e-01
1.823033381168133737e-01
2.316169487267102645e-01
1.757843623640316932e-01
1.979669498715155296e-01
2.156444275063471860e-01
2.112629978341914738e-01
2.091393035003578649e-01
1.597705287566466570e-01
2.234850120973697896e-01
1.809887372376860482e-01
1.772134889128349489e-01
1.998209960664062146e-01
1.939277472493876331e-01
2.202369619225909847e-01
2.132913014924572581e-01
2.600686157938636445e-01
2.018136407724615833e-01
2.139691600324840626e-01
2.296420226700790490e-01
1.750146879062805805e-01
2.373506457164816230e-01
1.641662925936493989e-01
2.723538042858915098e-01
2.375840076580210680e-01
2.100656506701207571e-01
2.878859771363914688e-01
2.502201160000168678e-01
2.004436956345643228e-01
1.811023025421708010e-01
2.141956000793147630e-01
1.689964686855401077e-01
2.232523319113910443e-01
2.065917424448931172e-01
2.611765544236607228e-01
1.981559261513168302e-01
1.991744001269595832e-01
2.774417794383124969e-01
2.391366965816127954e-01
2.274635049893144745e-01
1.736498303275391397e-01
2.140841644435574342e-01
1.850088905449096821e-01
2.020271034782255004e-01
2.451917242909069650e-01
2.594514555647632337e-01
2.192337271489727679e-01
2.145380000917391505e-01
1.972089300054849503e-01
1.927782040463633939e-01
2.315815311955380928e-01
2.238743840252317985e-01
1.977029568073510601e-01
2.246505300443379372e-01
1.863966855615164508e-01
1.448341252703720106e-01
2.374322702545002828e-01
2.324746203903684527e-01
1.895440137254559010e-01
2.089680836666454877e-01
1.748165291481282302e-01
2.181080086667249451e-01
1.856177021902442603e-01
2.303815754343702671e-01
2.086829288162075358e-01
1.930085474684532787e-01
2.302434052351189087e-01
2.417399004111673577e-01
1.879378752892838234e-01
2.529396595585362006e-01
1.837490733094364337e-01
1.790010956053453839e-01
1.559695960907152568e-01
1.711731333119964893e-01
1.698958270317638686e-01
1.732188185680396120e-01
2.179459935911023383e-01
1.772672560218128690e-01
1.691585360527917969e-01
1.917165755931496962e-01
2.073707182776809710e-01
2.157646934207095024e-01
1.955812803081672102e-01
2.514159497250383901e-01
1.948110517057867197e-01
2.035724927503786141e-01
2.385513922170864609e-01
2.332605690691568201e-01
2.058698435364578749e-01
1.991294979506458840e-01
2.561446239678996095e-01
2.462507436638153857e-01
2.167906919736171667e-01
1.991417261663720739e-01
2.428368048791141320e-01
1.824993315276756123e-01
1.781062728835052789e-01
1.980942292597696053e-01
2.039095436252024440e-01
2.040132459775886031e-01
2.046215797120725099e-01
1.969082990006927047e-01
1.792801996226264793e-01
2.291838050023578544e-01
2.175179708616237217e-01
1.747681014269433508e-01
2.273614691215849193e-01
2.338454487789867475e-01
1.627111169491590736e-01
1.965016699532153577e-01
2.207820582604613779e-01
2.223059245066052181e-01
1.798076686299530380e-01
2.143799796286808279e-01
2.405504017672559502e-01
2.480601672153693871e-01
1.551235644772666622e-01
1.579416717041019491e-01
2.197319743769345080e-01
2.338742706734325549e-01
2.277768360106277590e-01
2.521432921480524225e-01
1.939281377405246143e-01
2.120285628062031080e-01
2.254514614106916115e-01
1.958630792313474922e-01
2.125318351445774634e-01
2.173169118820533763e-01
2.145732961917144743e-01
1.938804991547465051e-01
2.201000778789953261e-01
2.199356177687598612e-01
1.621667411906675960e-01
2.247126387663554992e-01
2.048821213559447185e-01
2.432695355638185009e-01
2.591548929994129669e-01
